1 0 64 0
2 0 38 0
3 0 64 0
4 0 34 0
5 0 28 0
6 0 40 0
7 0 47 0
8 0 62 0
9 0 64 0
10 0 64 0
11 0 64 0
12 0 35 0
13 0 49 0
14 0 26 0
15 0 28 0
16 0 59 0
17 0 64 0
18 0 64 0
19 0 49 0
20 0 30 0
21 0 64 0
22 0 64 0
23 0 64 0
24 0 54 0
25 0 54 0
26 0 64 0
27 0 46 0
28 0 63 0
29 0 47 0
30 0 40 0
31 0 26 0
32 0 54 0
33 0 56 0
34 0 17 0
35 0 60 0
36 0 64 0
37 0 64 0
38 0 24 0
39 0 51 0
40 0 42 0
41 0 31 0
42 0 45 0
43 0 47 0
44 0 64 0
45 0 57 0
46 0 45 0
47 0 34 0
48 0 32 0
49 0 18 0
50 0 44 0
51 0 54 0
52 0 38 0
53 0 45 0
54 0 53 0
55 0 46 0
56 0 42 0
57 0 36 0
58 0 43 0
59 0 64 0
60 0 40 0
61 0 37 0
62 0 50 0
63 0 53 0
64 0 60 0
65 0 30 0
66 0 17 0
67 0 48 0
68 0 64 0
69 0 20 0
70 0 63 0
71 0 64 0
72 0 64 0
73 0 53 0
74 0 46 0
75 0 58 0
76 0 64 0
77 0 62 0
78 0 64 0
79 0 59 0
80 0 64 0
81 0 29 0
82 0 62 0
83 0 42 0
84 0 64 0
85 0 64 0
86 0 64 0
87 0 64 0
88 0 29 0
89 0 34 0
90 0 49 0
91 0 64 0
92 0 52 0
93 0 46 0
94 0 30 0
95 0 64 0
96 0 49 0
97 0 40 0
98 0 50 0
99 0 21 0
100 0 49 0
101 0 44 0
102 0 55 0
103 0 64 0
104 0 59 0
105 0 61 0
106 0 39 0
107 0 64 0
108 0 31 0
109 0 59 0
110 0 64 0
111 0 48 0
112 0 64 0
113 0 42 0
114 0 40 0
115 0 60 0
116 0 50 0
117 0 64 0
118 0 53 0
119 0 23 0
120 0 47 0
121 0 60 0
122 0 31 0
123 0 37 0
124 18 64 34
125 18 64 34
126 18 64 66
127 18 64 66
128 19 64 49
129 19 64 49
130 21 64 69
131 21 64 69
132 22 64 99
133 22 64 99
134 24 64 119
135 24 64 119
136 25 64 38
137 25 64 38
138 27 64 31
139 27 64 31
140 27 64 14
141 27 64 14
142 29 64 5
143 29 64 5
144 29 64 15
145 29 64 15
146 30 64 81
147 30 64 81
148 30 64 88
149 30 64 88
150 31 64 20
151 31 64 20
152 31 64 65
153 31 64 65
154 31 64 94
155 31 54 94
156 32 64 41
157 32 64 41
158 32 64 108
159 32 64 108
160 32 64 122
161 32 64 122
162 33 64 48
163 33 64 48
164 35 64 4
165 35 64 4
166 35 64 47
167 35 64 47
168 35 64 89
169 35 64 89
170 36 64 12
171 36 64 12
172 37 64 57
173 37 64 57
174 38 64 61
175 38 64 61
176 38 64 123
177 38 64 123
178 39 64 2
179 39 64 2
180 39 64 52
181 39 64 52
182 40 64 106
183 40 64 106
184 41 64 6
185 41 64 6
186 41 64 30
187 41 64 30
188 41 64 60
189 41 64 60
190 41 64 97
191 41 64 97
192 41 64 114
193 41 64 114
194 43 64 40
195 43 64 40
196 43 64 56
197 43 64 56
198 43 64 83
199 43 64 83
200 43 64 113
201 43 64 113
202 44 64 58
203 44 64 58
204 45 64 50
205 45 64 50
206 45 64 101
207 45 64 101
208 46 64 42
209 46 64 42
210 46 64 53
211 46 64 53
212 46 64 46
213 46 64 46
214 47 64 27
215 47 64 27
216 47 64 93
217 47 64 93
218 47 64 74
219 47 64 74
220 47 64 55
221 47 64 55
222 48 64 29
223 48 64 29
224 48 64 7
225 48 64 7
226 48 64 43
227 48 64 43
228 48 64 120
229 48 64 120
230 49 64 67
231 49 64 67
232 49 64 111
233 49 64 111
234 50 64 13
235 50 64 13
236 50 64 19
237 50 64 19
238 50 64 90
239 50 64 90
240 50 64 96
241 50 64 96
242 50 64 100
243 50 64 100
244 51 64 62
245 51 64 62
246 51 64 98
247 51 64 98
248 51 64 116
249 51 64 116
250 52 64 39
251 52 64 39
252 53 64 92
253 53 64 92
254 54 64 54
255 54 64 54
256 54 64 63
257 54 64 63
258 54 64 73
259 54 64 73
260 54 64 118
261 54 64 118
262 55 64 32
263 55 64 32
264 55 64 24
265 55 64 24
266 55 64 51
267 55 64 51
268 55 64 25
269 55 64 25
270 56 64 102
271 56 64 102
272 57 64 33
273 57 64 33
274 58 64 45
275 58 64 45
276 59 64 75
277 59 64 75
278 60 64 16
279 60 64 16
280 60 64 79
281 60 64 79
282 60 64 104
283 60 64 104
284 60 64 109
285 60 64 109
286 61 64 35
287 61 64 35
288 61 64 64
289 61 64 64
290 61 64 115
291 61 64 115
292 61 64 121
293 61 64 121
294 62 64 105
295 62 64 105
296 63 64 8
297 63 64 8
298 63 64 77
299 63 64 77
300 63 64 82
301 63 64 82
302 64 64 28
303 64 64 28
304 64 64 70
305 64 64 70
