1 0 209 0
2 0 209 0
3 0 12 0
4 0 209 0
5 0 209 0
6 0 79 0
7 0 94 0
8 0 209 0
9 0 209 0
10 0 209 0
11 0 209 0
12 0 22 0
13 0 209 0
14 0 157 0
15 0 147 0
16 0 209 0
17 0 204 0
18 0 176 0
19 0 153 0
20 0 137 0
21 0 63 0
22 0 175 0
23 0 209 0
24 0 209 0
25 0 209 0
26 0 209 0
27 0 209 0
28 0 209 0
29 0 209 0
30 0 63 0
31 0 209 0
32 0 10 0
33 0 197 0
34 0 122 0
35 0 115 0
36 0 209 0
37 0 200 0
38 0 203 0
39 0 200 0
40 0 109 0
41 0 200 0
42 0 151 0
43 0 11 0
44 0 142 0
45 0 201 0
46 0 13 0
47 0 134 0
48 0 14 0
49 0 33 0
50 0 11 0
51 0 209 0
52 0 144 0
53 0 168 0
54 0 157 0
55 0 141 0
56 0 147 0
57 0 209 0
58 0 22 0
59 0 161 0
60 0 156 0
61 0 10 0
62 0 167 0
63 0 149 0
64 0 116 0
65 0 151 0
66 0 186 0
67 0 209 0
68 0 31 0
69 0 209 0
70 0 153 0
71 0 175 0
72 0 209 0
73 0 169 0
74 0 144 0
75 0 8 0
76 0 13 0
77 0 53 0
78 0 42 0
79 0 208 0
80 0 209 0
81 0 151 0
82 0 209 0
83 0 37 0
84 0 122 0
85 0 55 0
86 0 24 0
87 0 136 0
88 0 116 0
89 0 196 0
90 0 29 0
91 0 191 0
92 0 209 0
93 0 209 0
94 0 191 0
95 0 197 0
96 0 209 0
97 0 169 0
98 0 183 0
99 0 170 0
100 0 150 0
101 0 167 0
102 0 169 0
103 0 170 0
104 0 178 0
105 0 63 0
106 0 209 0
107 0 209 0
108 0 209 0
109 0 209 0
110 0 18 0
111 0 172 0
112 0 161 0
113 0 209 0
114 0 162 0
115 0 168 0
116 0 158 0
117 0 152 0
118 0 71 0
119 0 14 0
120 0 170 0
121 0 153 0
122 0 168 0
123 0 30 0
124 0 209 0
125 0 159 0
126 0 146 0
127 0 165 0
128 0 209 0
129 0 209 0
130 0 209 0
131 0 165 0
132 0 161 0
133 0 170 0
134 0 147 0
135 0 135 0
136 0 152 0
137 0 154 0
138 0 156 0
139 0 155 0
140 0 157 0
141 0 155 0
142 0 154 0
143 0 159 0
144 0 159 0
145 0 158 0
146 0 138 0
147 0 139 0
148 0 150 0
149 0 131 0
150 0 145 0
151 0 139 0
152 0 135 0
153 0 114 0
154 0 148 0
155 0 131 0
156 0 138 0
157 0 141 0
158 0 126 0
159 0 101 0
160 0 126 0
161 0 91 0
162 0 123 0
163 0 94 0
164 0 122 0
165 0 114 0
166 0 95 0
167 0 92 0
168 0 3 0
169 0 93 0
170 0 96 0
171 0 16 0
172 0 99 0
173 0 149 0
174 0 144 0
175 0 158 0
176 0 162 0
177 0 154 0
178 0 152 0
179 0 151 0
180 0 148 0
181 0 154 0
182 0 155 0
183 0 152 0
184 0 134 0
185 0 126 0
186 0 136 0
187 0 102 0
188 0 138 0
189 0 118 0
190 0 88 0
191 0 101 0
192 0 114 0
193 0 114 0
194 0 138 0
195 0 91 0
196 0 87 0
197 4 94 168
198 4 93 168
199 7 144 0
200 9 155 75
201 9 121 75
202 11 209 32
203 11 209 32
204 11 209 61
205 11 197 61
206 12 110 43
207 12 159 43
208 12 209 50
209 12 209 50
210 13 209 3
211 13 209 3
212 14 133 76
213 14 205 76
214 15 143 119
215 15 145 119
216 17 90 171
217 17 83 171
218 19 172 110
219 19 179 110
220 23 209 12
221 23 209 12
222 23 209 58
223 23 130 58
224 25 199 86
225 25 201 86
226 30 73 90
227 30 59 90
228 31 209 123
229 31 209 123
230 32 209 68
231 32 209 68
232 36 129 0
233 38 209 83
234 38 209 83
235 64 209 105
236 64 209 105
237 95 209 7
238 95 209 7
239 198 208 33
240 198 209 33
241 209 209 79
242 209 209 79
