1 0 3 0
2 4 13 1
3 14 26 2
4 27 41 3
5 42 62 4
6 63 90 5
7 91 122 6
8 123 165 7
9 166 189 8
10 166 189 8
11 123 164 7
12 165 189 11
13 165 189 11
14 91 119 6
15 120 153 14
16 154 189 15
17 154 189 15
18 120 163 14
19 164 189 18
20 164 189 18
21 63 90 5
22 91 121 21
23 122 159 22
24 160 189 23
25 160 189 23
26 122 156 22
27 157 189 26
28 157 189 26
29 91 122 21
30 123 159 29
31 160 189 30
32 160 189 30
33 123 158 29
34 159 189 33
35 159 189 33
36 42 62 4
37 63 89 36
38 90 120 37
39 121 162 38
40 163 189 39
41 163 189 39
42 121 156 38
43 157 189 42
44 157 189 42
45 90 118 37
46 119 158 45
47 159 189 46
48 159 189 46
49 119 154 45
50 155 189 49
51 155 189 49
52 63 89 36
53 90 125 52
54 126 169 53
55 170 189 54
56 170 189 54
57 126 165 53
58 166 189 57
59 166 189 57
60 90 124 52
61 125 164 60
62 165 189 61
63 165 189 61
64 125 164 60
65 165 189 64
66 165 189 64
67 27 41 3
68 42 63 67
69 64 89 68
70 90 126 69
71 127 167 70
72 168 189 71
73 168 189 71
74 127 167 70
75 168 189 74
76 168 189 74
77 90 119 69
78 120 154 77
79 155 189 78
80 155 189 78
81 120 160 77
82 161 189 81
83 161 189 81
84 64 90 68
85 91 121 84
86 122 161 85
87 162 189 86
88 162 189 86
89 122 161 85
90 162 189 89
91 162 189 89
92 91 119 84
93 120 156 92
94 157 189 93
95 157 189 93
96 120 158 92
97 159 189 96
98 159 189 96
99 42 65 67
100 66 92 99
101 93 135 100
102 136 174 101
103 175 189 102
104 175 189 102
105 136 174 101
106 175 189 105
107 175 189 105
108 93 122 100
109 123 158 108
110 159 189 109
111 159 189 109
112 123 156 108
113 157 189 112
114 157 189 112
115 66 90 99
116 91 123 115
117 124 168 116
118 169 189 117
119 169 189 117
120 124 159 116
121 160 189 120
122 160 189 120
123 91 119 115
124 120 157 123
125 158 189 124
126 158 189 124
127 120 152 123
128 153 189 127
129 153 189 127
130 14 26 2
131 27 40 130
132 41 61 131
133 62 87 132
134 88 124 133
135 125 163 134
136 164 189 135
137 164 189 135
138 125 166 134
139 167 189 138
140 167 189 138
141 88 116 133
142 117 152 141
143 153 189 142
144 153 189 142
145 117 158 141
146 159 189 145
147 159 189 145
148 62 87 132
149 88 117 148
150 118 157 149
151 158 189 150
152 158 189 150
153 118 153 149
154 154 189 153
155 154 189 153
156 88 117 148
157 118 159 156
158 160 189 157
159 160 189 157
160 118 157 156
161 158 189 160
162 158 189 160
163 41 61 131
164 62 86 163
165 87 118 164
166 119 161 165
167 162 189 166
168 162 189 166
169 119 155 165
170 156 189 169
171 156 189 169
172 87 115 164
173 116 153 172
174 154 189 173
175 154 189 173
176 116 150 172
177 151 189 176
178 151 189 176
179 62 87 163
180 88 118 179
181 119 161 180
182 162 189 181
183 162 189 181
184 119 159 180
185 160 189 184
186 160 189 184
187 88 115 179
188 116 153 187
189 154 189 188
190 154 189 188
191 116 151 187
192 152 189 191
193 152 189 191
194 27 41 130
195 42 64 194
196 65 88 195
197 89 126 196
198 127 167 197
199 168 189 198
200 168 189 198
201 127 168 197
202 169 189 201
203 169 189 201
204 89 118 196
205 119 157 204
206 158 189 205
207 158 189 205
208 119 155 204
209 156 189 208
210 156 189 208
211 65 88 195
212 89 120 211
213 121 161 212
214 162 189 213
215 162 189 213
216 121 161 212
217 162 189 216
218 162 189 216
219 89 121 211
220 122 167 219
221 168 189 220
222 168 189 220
223 122 161 219
224 162 189 223
225 162 189 223
226 42 66 194
227 67 89 226
228 90 125 227
229 126 171 228
230 172 189 229
231 172 189 229
232 126 165 228
233 166 189 232
234 166 189 232
235 90 123 227
236 124 172 235
237 173 189 236
238 173 189 236
239 124 171 235
240 172 189 239
241 172 189 239
242 67 90 226
243 91 124 242
244 125 172 243
245 173 189 244
246 173 189 244
247 125 166 243
248 167 189 247
249 167 189 247
250 91 126 242
251 127 175 250
252 176 189 251
253 176 189 251
254 127 171 250
255 172 189 254
256 172 189 254
257 4 14 1
258 15 27 257
259 28 42 258
260 43 65 259
261 66 91 260
262 92 130 261
263 131 170 262
264 171 189 263
265 171 189 263
266 131 166 262
267 167 189 266
268 167 189 266
269 92 121 261
270 122 164 269
271 165 189 270
272 165 189 270
273 122 155 269
274 156 189 273
275 156 189 273
276 66 89 260
277 90 122 276
278 123 161 277
279 162 189 278
280 162 189 278
281 123 159 277
282 160 189 281
283 160 189 281
284 90 121 276
285 122 164 284
286 165 189 285
287 165 189 285
288 122 161 284
289 162 189 288
290 162 189 288
291 43 63 259
292 64 88 291
293 89 125 292
294 126 163 293
295 164 189 294
296 164 189 294
297 126 168 293
298 169 189 297
299 169 189 297
300 89 120 292
301 121 165 300
302 166 189 301
303 166 189 301
304 121 160 300
305 161 189 304
306 161 189 304
307 64 89 291
308 90 126 307
309 127 173 308
310 174 189 309
311 174 189 309
312 127 169 308
313 170 189 312
314 170 189 312
315 90 126 307
316 127 171 315
317 172 189 316
318 172 189 316
319 127 172 315
320 173 189 319
321 173 189 319
322 28 42 258
323 43 66 322
324 67 92 323
325 93 124 324
326 125 163 325
327 164 189 326
328 164 189 326
329 125 165 325
330 166 189 329
331 166 189 329
332 93 123 324
333 124 165 332
334 166 189 333
335 166 189 333
336 124 160 332
337 161 189 336
338 161 189 336
339 67 90 323
340 91 121 339
341 122 166 340
342 167 189 341
343 167 189 341
344 122 163 340
345 164 189 344
346 164 189 344
347 91 120 339
348 121 159 347
349 160 189 348
350 160 189 348
351 121 163 347
352 164 189 351
353 164 189 351
354 43 67 322
355 68 92 354
356 93 142 355
357 143 183 356
358 184 189 357
359 184 189 357
360 143 180 356
361 181 189 360
362 181 189 360
363 93 131 355
364 132 171 363
365 172 189 364
366 172 189 364
367 132 172 363
368 173 189 367
369 173 189 367
370 68 92 354
371 93 125 370
372 126 165 371
373 166 189 372
374 166 189 372
375 126 165 371
376 166 189 375
377 166 189 375
378 93 124 370
379 125 161 378
380 162 189 379
381 162 189 379
382 125 164 378
383 165 189 382
384 165 189 382
385 15 27 257
386 28 42 385
387 43 62 386
388 63 89 387
389 90 127 388
390 128 170 389
391 171 189 390
392 171 189 390
393 128 164 389
394 165 189 393
395 165 189 393
396 90 120 388
397 121 161 396
398 162 189 397
399 162 189 397
400 121 154 396
401 155 189 400
402 155 189 400
403 63 88 387
404 89 123 403
405 124 164 404
406 165 189 405
407 165 189 405
408 124 162 404
409 163 189 408
410 163 189 408
411 89 120 403
412 121 166 411
413 167 189 412
414 167 189 412
415 121 163 411
416 164 189 415
417 164 189 415
418 43 62 386
419 63 89 418
420 90 126 419
421 127 169 420
422 170 189 421
423 170 189 421
424 127 174 420
425 175 189 424
426 175 189 424
427 90 119 419
428 120 162 427
429 163 189 428
430 163 189 428
431 120 161 427
432 162 189 431
433 162 189 431
434 63 89 418
435 90 126 434
436 127 175 435
437 176 189 436
438 176 189 436
439 127 172 435
440 173 189 439
441 173 189 439
442 90 127 434
443 128 174 442
444 175 189 443
445 175 189 443
446 128 174 442
447 175 189 446
448 175 189 446
449 28 41 385
450 42 62 449
451 63 87 450
452 88 121 451
453 122 158 452
454 159 189 453
455 159 189 453
456 122 160 452
457 161 189 456
458 161 189 456
459 88 118 451
460 119 162 459
461 163 189 460
462 163 189 460
463 119 157 459
464 158 189 463
465 158 189 463
466 63 88 450
467 89 119 466
468 120 161 467
469 162 189 468
470 162 189 468
471 120 160 467
472 161 189 471
473 161 189 471
474 89 117 466
475 118 155 474
476 156 189 475
477 156 189 475
478 118 159 474
479 160 189 478
480 160 189 478
481 42 64 449
482 65 90 481
483 91 133 482
484 134 174 483
485 175 189 484
486 175 189 484
487 134 173 483
488 174 189 487
489 174 189 487
490 91 125 482
491 126 166 490
492 167 189 491
493 167 189 491
494 126 172 490
495 173 189 494
496 173 189 494
497 65 90 481
498 91 120 497
499 121 163 498
500 164 189 499
501 164 189 499
502 121 161 498
503 162 189 502
504 162 189 502
505 91 119 497
506 120 161 505
507 162 189 506
508 162 189 506
509 120 163 505
510 164 189 509
511 164 189 509
512 0 2 0
513 3 15 512
514 16 28 513
515 29 46 514
516 47 67 515
517 68 95 516
518 96 122 517
519 123 155 518
520 156 189 519
521 156 189 519
522 123 158 518
523 159 189 522
524 159 189 522
525 96 127 517
526 128 160 525
527 161 189 526
528 161 189 526
529 128 185 525
530 186 189 529
531 186 189 529
532 68 95 516
533 96 124 532
534 125 158 533
535 159 189 534
536 159 189 534
537 125 164 533
538 165 189 537
539 165 189 537
540 96 131 532
541 132 189 540
542 132 189 540
543 47 70 515
544 71 100 543
545 101 133 544
546 134 171 545
547 172 189 546
548 172 189 546
549 134 189 545
550 101 136 544
551 137 176 550
552 177 189 551
553 177 189 551
554 137 186 550
555 187 189 554
556 187 189 554
557 71 100 543
558 101 141 557
559 142 189 558
560 142 189 558
561 101 147 557
562 148 189 561
563 148 189 561
564 29 46 514
565 47 67 564
566 68 93 565
567 94 119 566
568 120 151 567
569 152 189 568
570 152 189 568
571 120 156 567
572 157 189 571
573 157 189 571
574 94 124 566
575 125 162 574
576 163 189 575
577 163 189 575
578 125 163 574
579 68 91 565
580 92 120 579
581 121 155 580
582 156 189 581
583 156 189 581
584 121 166 580
585 167 189 584
586 167 189 584
587 92 136 579
588 137 189 587
589 137 189 587
590 47 69 564
591 70 95 590
592 96 129 591
593 130 167 592
594 168 189 593
595 168 189 593
596 130 188 592
597 189 189 596
598 189 189 596
599 96 128 591
600 129 169 599
601 170 189 600
602 170 189 600
603 129 180 599
604 181 189 603
605 181 189 603
606 70 99 590
607 100 143 606
608 144 189 607
609 144 189 607
610 100 145 606
611 146 189 610
612 146 189 610
613 16 29 513
614 30 61 613
615 62 91 614
616 92 149 615
617 150 189 616
618 150 189 616
619 92 154 615
620 155 189 619
621 155 189 619
622 62 90 614
623 91 151 622
624 152 189 623
625 152 189 623
626 91 152 622
627 153 189 626
628 153 189 626
629 30 62 613
630 63 96 629
631 97 163 630
632 164 189 631
633 164 189 631
634 97 171 630
635 172 189 634
636 172 189 634
637 63 95 629
638 96 161 637
639 162 189 638
640 162 189 638
641 96 170 637
642 171 189 641
643 171 189 641
644 3 17 512
645 18 31 644
646 32 49 645
647 50 77 646
648 78 109 647
649 110 154 648
650 155 189 649
651 155 189 649
652 110 148 648
653 149 189 652
654 149 189 652
655 78 116 647
656 117 189 655
657 117 160 655
658 161 189 657
659 161 189 657
660 50 80 646
661 81 132 660
662 133 184 661
663 185 189 662
664 185 189 662
665 133 184 661
666 185 189 665
667 185 189 665
668 81 123 660
669 124 172 668
670 173 189 669
671 173 189 669
672 124 174 668
673 175 189 672
674 175 189 672
675 32 50 645
676 51 75 675
677 76 107 676
678 108 152 677
679 153 189 678
680 153 189 678
681 108 152 677
682 153 189 681
683 153 189 681
684 76 112 676
685 113 157 684
686 158 189 685
687 158 189 685
688 113 157 684
689 158 189 688
690 158 189 688
691 51 77 675
692 78 125 691
693 126 182 692
694 183 189 693
695 183 189 693
696 126 176 692
697 177 189 696
698 177 189 696
699 78 115 691
700 116 163 699
701 164 189 700
702 164 189 700
703 116 166 699
704 167 189 703
705 167 189 703
706 18 37 644
707 38 68 706
708 69 109 707
709 110 155 708
710 156 189 709
711 156 189 709
712 110 150 708
713 151 189 712
714 151 189 712
715 69 110 707
716 111 154 715
717 155 189 716
718 155 189 716
719 111 150 715
720 151 189 719
721 151 189 719
722 38 105 706
723 106 141 722
724 106 140 722
